//  索引      名称   最小伤害  最大伤害 增加防御  增加hp 增加mp  需要力量     价格
//item_index  Name   DamMin    DamMax   Defense   Add_HP Add_MP  need_power   price
//
//统一在本文件里定义所有物品唯一属性.比如价格.
//
//1000以内都是武器

1  双刃剑  20  50  0  0  0  10  1000

2  天无剑  90  90  0  0  0  20  2000
 
3  楚王剑  100  100  0  0  0  30   3000

4  机械阔剑  100  100  0  0  0  40  4000

5  大马格氏剑  100  100  0  0  0  50  5000

6  玄冰剑  100  130  0  0  0  60  6000

7  白刀  100  140  0  0  0  70  7000

8  熟铁刀  100  150  0  0  0  80  8000

9  七彩剑  100  140  0  0  0  90  9000

10  巨齿剑  100  140  0  0  0  90  9000

11  薄双刃剑  100  140  0  0  0  90  9000

12  弯刃剑  100  140  0  0  0  90  9000

13  蓝弯刃剑  100  140  0  0  0  90  9000

14  扁剑  100  140  0  0  0  90  9000

15  莲花剑 100  140  0  0  0  90  9000

16  白龙剑 100  140  0  0  0  90  9000

//1000-2000 是消耗品

1000  超级金创药   0  0   0  500  0  0  1000
1001  超级魔法药   0  0   0  0  500  0  1000


//2000-3000 是装备

2000  男布衣  0  0   10  0  0  0  1000
2001  男布鞋	0  0   5  0  0  0  1000

