53
147.106522 -2.564980 42.201874
107.566986 -0.677391 24.134857
114.536499 -4.329170 108.842339
124.349289 -5.962502 79.292381
76.119041 26.084442 63.326073
72.239830 12.892380 42.492958
192.431000 18.631397 57.185158
221.662018 2.036957 35.540886
278.815430 0.000000 39.666718
293.493591 0.000000 134.863647
362.581177 0.000000 49.385902
434.622498 0.000000 67.666237
437.682068 0.000000 164.131683
369.646606 0.000000 122.515457
322.405975 0.000000 94.169044
253.828430 10.969452 119.540985
363.065094 0.000000 198.280823
412.241669 0.000008 221.426971
437.515656 0.000008 317.820923
251.110916 0.000000 194.890579
195.093170 0.000000 265.877808
61.205902 0.000008 317.816345
125.419296 -0.000008 399.777008
250.042740 0.000000 388.347748
224.919022 0.000000 445.668274
211.186447 0.000000 355.560669
107.034851 -0.000008 269.860046
155.642273 0.000000 329.511871
302.265045 0.000000 316.254761
293.989471 0.000000 403.195313
381.405823 0.000000 429.664063
365.176056 0.000000 365.503723
254.247955 -0.000008 281.596863
374.608826 0.000000 295.641113
464.473816 0.000015 451.906311
429.399414 0.000000 392.000305
328.879883 0.000000 458.041809
122.497559 0.000000 465.286133
25.448341 -2.940125 143.336334
127.268616 -0.023155 186.335114
142.714508 0.000000 239.339386
50.201187 0.000000 215.870728
44.624798 0.000008 262.259888
79.334427 -4.868942 140.451721
199.574646 24.495827 132.501282
47.089619 17.918732 118.332458
196.034485 -0.000008 208.885452
312.005432 0.000000 233.351517
275.022491 0.000000 350.755432
348.700989 0.000000 419.153320
453.516479 0.000008 258.797394
455.459351 0.000000 123.889381
437.320251 0.000000 37.688675
