12
233.236359 1.185745 246.964569 254.238190 2.345329 246.090485 257.392700 6.204689 189.715134
257.392700 6.204689 189.715134 229.879364 3.556005 189.937302 233.236359 1.185745 246.964569
159.670135 0.000004 182.215439 187.730835 1.393951 181.735886 186.963715 0.000000 164.390686
186.963715 0.000000 164.390686 157.350769 0.000000 166.432068 159.670135 0.000004 182.215439
326.121735 0.000000 289.408569 317.085571 0.000000 287.798401 318.366028 0.000000 280.101440
318.366028 0.000000 280.101440 327.834930 0.000000 282.290161 326.121735 0.000000 289.408569
223.228363 0.000000 413.307526 215.438828 0.000000 419.563110 212.677307 0.000000 412.233368
212.677307 0.000000 412.233368 220.097809 0.000000 410.182098 223.228363 0.000000 413.307526
63.722733 0.000000 405.031860 68.852707 0.000000 413.908691 57.853210 0.000000 416.529572
57.853210 0.000000 416.529572 55.403458 -0.000001 406.440033 63.722733 0.000000 405.031860
309.411652 0.000000 139.706299 301.832825 0.000000 144.640549 299.407715 0.000002 136.627686
299.407715 0.000002 136.627686 307.657715 0.000000 133.610870 309.411652 0.000000 139.706299
