49
186.947235 5.979645 327.513000
120.600060 0.000000 370.379608
92.943085 0.000000 273.785583
134.570374 6.130508 164.529236
288.529846 0.320648 201.398254
408.167908 0.268845 158.822357
352.373108 0.000015 331.105225
372.189819 -0.000015 436.057617
449.211609 0.000015 409.375610
382.411560 3.586655 253.668015
257.205078 0.000000 356.341858
230.816132 -0.000015 456.972351
167.545746 0.000000 433.830566
87.483704 0.000000 428.173279
42.102280 -0.000015 321.263458
51.439499 0.000015 194.776337
55.967651 0.810974 88.381104
237.274872 4.905563 76.870728
136.494965 5.266296 107.480774
212.184479 4.379974 299.530640
238.650772 2.247833 153.621948
198.116470 0.000015 227.668518
326.325317 0.000000 127.621490
279.421112 0.000000 335.621704
306.925110 2.097000 264.832092
381.918335 0.000000 332.774231
319.405975 0.000000 408.368042
272.528229 0.000000 394.515411
223.362289 0.000000 399.706390
167.680588 0.000000 376.414246
89.826569 -0.000015 265.129578
129.848816 2.535080 186.727325
167.019913 3.833481 344.054749
90.047913 -0.000015 304.855469
43.713028 -0.000015 396.059021
38.303345 0.000000 346.335449
109.636864 0.000000 402.503387
76.759354 0.000015 463.417053
163.128830 -0.000015 473.100677
260.275696 0.000000 280.825134
252.072388 0.000015 217.858002
186.062286 0.107529 135.042816
186.203445 0.000000 45.453308
416.419678 8.000000 90.073578
457.838837 0.000000 307.358643
403.504883 0.000015 374.227356
453.562622 0.000000 440.593994
304.776550 0.000000 463.677124
315.263702 0.000015 378.760498
