121
209.679993 -0.0177 303.434448
192.459183 -0.0177 320.111633
216.855347 -0.0177 332.462585
231.392059 -0.0177 326.964050
248.661316 -0.0184 322.009186
251.819489 -0.0184 304.520874
273.473846 -0.0177 302.420654
297.434448 -0.0184 298.074768
313.375092 -0.0177 273.440979
282.139191 -0.0184 275.101990
341.332520 -0.0184 309.637207
302.209412 -0.0177 325.568481
272.193359 -0.0177 338.444672
232.308334 -0.0169 354.729797
251.921600 -0.0177 265.286804
292.413361 -0.0177 237.256653
332.947968 -0.0177 239.805573
312.039459 -0.0184 194.982788
373.491882 -0.0177 269.847260
349.022552 -0.0177 189.258499
366.548767 -0.0177 233.764160
380.281738 -0.0169 336.384766
436.541748 -0.0177 274.240906
415.521698 -0.0177 190.350510
353.558838 -0.0177 121.598328
288.867920 -0.0177 127.437973
209.924179 -0.0177 154.850311
252.659424 -0.0177 154.881561
226.544800 -0.0177 101.775787
176.562866 -0.0177 147.828537
152.964706 -0.0192 189.858322
170.384460 -0.0177 218.550125
187.891754 -0.0192 191.377487
186.918716 -0.0184 246.014877
216.257767 -0.0184 269.662567
107.394035 -0.0177 149.292267
107.394035 -0.0177 149.292267
150.363632 -0.0177 103.146210
77.418694 -0.0173 90.727386
94.036774 -0.0177 35.799713
177.104263 -0.0184 23.379803
3.009956 -0.0177 44.790962
-36.464958 -0.0192 156.346252
-83.619263 -0.0177 -2.553085
-136.302277 -0.0177 114.535675
-136.302277 -0.0177 114.535675
-118.872681 -0.0184 242.203140
-118.872681 -0.0184 242.203140
-111.944107 -0.0177 185.191803
-9.860180 -0.0184 258.910431
43.692760 -0.0184 177.720398
-10.979820 -0.0177 91.838684
-71.515961 -0.0184 65.355118
-189.433182 -0.0177 52.367661
-125.084305 -0.0184 -71.349457
-192.683853 -0.0177 -8.943054
-192.683823 -0.0177 -8.943062
-253.351440 -0.0177 101.150490
-253.351440 -0.0177 101.150490
-5.873352 -0.0161 -30.727722
120.681091 -0.0161 -89.421661
2.081329 -0.0177 -135.103989
-137.253998 -0.0161 -143.445023
-285.414673 -0.0192 -91.508118
321.703613 -0.0177 -4.964386
128.738052 -0.0177 308.963501
89.000610 -0.0177 242.729340
89.000610 -0.0177 242.729340
131.174194 -0.0177 246.150528
39.372055 -0.0177 305.520966
39.372055 -0.0177 305.520966
30.477890 -0.0192 234.195038
-51.082962 -0.0192 306.201294
-166.225494 -0.0177 319.038483
-166.225494 -0.0177 319.038483
-416.567596 -0.0177 350.134705
-90.797119 -0.0177 396.103546
-261.564178 -0.0177 448.593353
-28.899384 -0.0192 461.960480
43.006500 -0.0177 413.494080
-53.554993 -0.0177 375.008148
120.716187 -0.0177 345.047150
334.761688 0.188507 453.953613
232.283356 -0.0177 452.461731
138.772995 -0.0177 476.061371
56.652054 -0.0146 551.536316
-169.250397 -0.0177 576.406433
-150.707825 -0.0177 640.554321
79.178391 -0.0177 680.628296
-69.007416 -0.0177 701.284668
12.922241 -0.0177 648.375732
-84.812317 -0.0177 585.980957
-117.579742 -0.0177 525.780457
-397.556305 -0.0177 564.270996
-35-0.0190851 -0.0177 322.586884
-382.489227 -0.0177 202.130341
-203.012863 -0.0161 418.963562
-256.910126 -0.0177 526.842224
-243.617996 -0.0177 648.914917
-189.675491 -0.0184 757.325562
-56.707439 -0.0169 819.629578
119.422241 -0.0184 763.639893
10.300800 -0.0177 813.597473
223.053680 -0.0177 656.086487
256.210297 -0.0177 582.958191
224.545364 -0.0169 517.168518
135.595978 -0.0177 590.371826
190.710220 -0.0169 723.448242
34.299355 -0.0177 698.831177
81.469299 -0.0184 903.945068
259.879547 -0.0184 815.655457
447.129425 -0.0177 658.256409
500.494904 -0.0192 804.073303
466.420258 -0.0169 514.148010
571.490601 -0.0184 342.259460
569.230591 -0.0177 245.860107
134.655518 -0.0177 528.408691
67.783752 -0.0177 488.924866
-3.178783 -0.0184 526.725647
-105.918594 -0.0177 478.680267
-175.520081 -0.0184 499.206909
